x_values energy_values
4.000000000000000222e-01 1.000090820475740827e+00
4.036036036036036445e-01 1.000099304579066484e+00
4.072072072072072113e-01 1.000108409950288157e+00
4.108108108108108336e-01 1.000118168433674626e+00
4.144144144144144559e-01 1.000128612666909333e+00
4.180180180180180227e-01 1.000139776064179031e+00
4.216216216216216450e-01 1.000151692798227465e+00
4.252252252252252673e-01 1.000164397781420744e+00
4.288288288288288341e-01 1.000177926645922755e+00
4.324324324324324564e-01 1.000192315723030800e+00
4.360360360360360787e-01 1.000207602021749853e+00
4.396396396396396455e-01 1.000223823206671581e+00
4.432432432432432678e-01 1.000241017575228097e+00
4.468468468468468902e-01 1.000259224034394379e+00
4.504504504504504570e-01 1.000278482076899067e+00
4.540540540540540793e-01 1.000298831757010953e+00
4.576576576576577016e-01 1.000320313665977290e+00
4.612612612612612684e-01 1.000342968907159902e+00
4.648648648648648907e-01 1.000366839070939928e+00
4.684684684684684575e-01 1.000391966209461803e+00
4.720720720720720798e-01 1.000418392811248225e+00
4.756756756756757021e-01 1.000446161775765841e+00
4.792792792792792689e-01 1.000475316387987368e+00
4.828828828828828912e-01 1.000505900292994577e+00
4.864864864864865135e-01 1.000537957470684525e+00
4.900900900900900803e-01 1.000571532210613679e+00
4.936936936936937026e-01 1.000606669087034328e+00
4.972972972972973249e-01 1.000643412934154597e+00
5.009009009009008917e-01 1.000681808821676011e+00
5.045045045045045695e-01 1.000721902030632826e+00
5.081081081081081363e-01 1.000763738029577077e+00
5.117117117117117031e-01 1.000807362451133775e+00
5.153153153153153809e-01 1.000852821068968002e+00
5.189189189189189477e-01 1.000900159775182541e+00
5.225225225225225145e-01 1.000949424558174927e+00
5.261261261261260813e-01 1.001000661480979215e+00
5.297297297297297591e-01 1.001053916660112009e+00
5.333333333333333259e-01 1.001109236244944967e+00
5.369369369369370038e-01 1.001166666397620642e+00
5.405405405405405705e-01 1.001226253273518108e+00
5.441441441441441373e-01 1.001288043002304784e+00
5.477477477477477041e-01 1.001352081669560690e+00
5.513513513513513820e-01 1.001418415298999331e+00
5.549549549549549488e-01 1.001487089835291222e+00
5.585585585585586266e-01 1.001558151127501572e+00
5.621621621621621934e-01 1.001631644913135499e+00
5.657657657657657602e-01 1.001707616802804734e+00
5.693693693693693270e-01 1.001786112265515394e+00
5.729729729729730048e-01 1.001867176614579469e+00
5.765765765765765716e-01 1.001950854994148932e+00
5.801801801801802494e-01 1.002037192366364016e+00
5.837837837837838162e-01 1.002126233499130992e+00
5.873873873873873830e-01 1.002218022954507015e+00
5.909909909909909498e-01 1.002312605077696928e+00
5.945945945945946276e-01 1.002410023986663345e+00
5.981981981981981944e-01 1.002510323562323391e+00
6.018018018018018722e-01 1.002613547439348940e+00
6.054054054054054390e-01 1.002719738997547294e+00
6.090090090090090058e-01 1.002828941353819392e+00
6.126126126126125726e-01 1.002941197354687786e+00
6.162162162162162504e-01 1.003056549569377065e+00
6.198198198198198172e-01 1.003175040283451835e+00
6.234234234234234950e-01 1.003296711492985382e+00
6.270270270270270618e-01 1.003421604899261022e+00
6.306306306306306286e-01 1.003549761903985482e+00
6.342342342342341954e-01 1.003681223605008777e+00
6.378378378378378732e-01 1.003816030792538561e+00
6.414414414414414400e-01 1.003954223945837665e+00
6.450450450450451179e-01 1.004095843230380591e+00
6.486486486486486847e-01 1.004240928495483187e+00
6.522522522522522515e-01 1.004389519272359310e+00
6.558558558558558182e-01 1.004541654772623582e+00
6.594594594594594961e-01 1.004697373887206480e+00
6.630630630630630629e-01 1.004856715185676652e+00
6.666666666666667407e-01 1.005019716915959593e+00
6.702702702702703075e-01 1.005186417004436006e+00
6.738738738738738743e-01 1.005356853056413646e+00
6.774774774774774411e-01 1.005531062356948224e+00
6.810810810810811189e-01 1.005709081872019128e+00
6.846846846846846857e-01 1.005890948250027783e+00
6.882882882882883635e-01 1.006076697823622190e+00
6.918918918918919303e-01 1.006266366611828333e+00
6.954954954954954971e-01 1.006459990322475351e+00
6.990990990990990639e-01 1.006657604354910918e+00
7.027027027027027417e-01 1.006859243802986192e+00
7.063063063063063085e-01 1.007064943458302553e+00
7.099099099099099863e-01 1.007274737813709908e+00
7.135135135135135531e-01 1.007488661067049041e+00
7.171171171171171199e-01 1.007706747125118429e+00
7.207207207207206867e-01 1.007929029607860683e+00
7.243243243243243645e-01 1.008155541852764348e+00
7.279279279279279313e-01 1.008386316919454240e+00
7.315315315315316091e-01 1.008621387594483165e+00
7.351351351351351759e-01 1.008860786396292619e+00
7.387387387387387427e-01 1.009104545580352674e+00
7.423423423423423095e-01 1.009352697144458633e+00
7.459459459459459874e-01 1.009605272834182887e+00
7.495495495495495542e-01 1.009862304148472445e+00
7.531531531531532320e-01 1.010123822345379008e+00
7.567567567567567988e-01 1.010389858447924727e+00
7.603603603603603656e-01 1.010660443250080753e+00
7.639639639639639324e-01 1.010935607322863916e+00
7.675675675675676102e-01 1.011215381020539983e+00
7.711711711711711770e-01 1.011499794486925730e+00
7.747747747747748548e-01 1.011788877661779162e+00
7.783783783783784216e-01 1.012082660287283664e+00
7.819819819819819884e-01 1.012381171914607636e+00
7.855855855855855552e-01 1.012684441910536304e+00
7.891891891891892330e-01 1.012992499464178131e+00
7.927927927927927998e-01 1.013305373593726300e+00
7.963963963963964776e-01 1.013623093153283028e+00
8.000000000000000444e-01 1.013945686839733851e+00
8.036036036036036112e-01 1.014273183199670747e+00
8.072072072072071780e-01 1.014605610636355904e+00
8.108108108108108558e-01 1.014942997416728998e+00
8.144144144144144226e-01 1.015285371678440240e+00
8.180180180180181004e-01 1.015632761436920273e+00
8.216216216216216672e-01 1.015985194592477603e+00
8.252252252252252340e-01 1.016342698937411360e+00
8.288288288288288008e-01 1.016705302163148694e+00
8.324324324324324786e-01 1.017073031867398836e+00
8.360360360360360454e-01 1.017445915561317582e+00
8.396396396396397233e-01 1.017823980676680007e+00
8.432432432432432901e-01 1.018207254573067155e+00
8.468468468468468568e-01 1.018595764545050519e+00
8.504504504504504236e-01 1.018989537829382064e+00
8.540540540540541015e-01 1.019388601612182477e+00
8.576576576576576683e-01 1.019792983036129419e+00
8.612612612612613461e-01 1.020202709207644443e+00
8.648648648648649129e-01 1.020617807204061256e+00
8.684684684684684797e-01 1.021038304080802872e+00
8.720720720720720465e-01 1.021464226878540993e+00
8.756756756756757243e-01 1.021895602630345179e+00
8.792792792792792911e-01 1.022332458368818031e+00
8.828828828828829689e-01 1.022774821133224821e+00
8.864864864864865357e-01 1.023222717976604246e+00
8.900900900900901025e-01 1.023676175972861868e+00
8.936936936936936693e-01 1.024135222223851338e+00
8.972972972972973471e-01 1.024599883866440742e+00
9.009009009009009139e-01 1.025070188079556077e+00
9.045045045045044807e-01 1.025546162091211189e+00
9.081081081081081585e-01 1.026027833185520377e+00
9.117117117117117253e-01 1.026515228709689920e+00
9.153153153153152921e-01 1.027008376080990493e+00
9.189189189189189699e-01 1.027507302793716493e+00
9.225225225225225367e-01 1.028012036426119158e+00
9.261261261261261035e-01 1.028522604647324812e+00
9.297297297297297813e-01 1.029039035224236676e+00
9.333333333333333481e-01 1.029561356028411589e+00
9.369369369369369149e-01 1.030089595042927630e+00
9.405405405405405928e-01 1.030623780369222642e+00
9.441441441441441595e-01 1.031163940233926990e+00
9.477477477477477263e-01 1.031710102995669009e+00
9.513513513513514042e-01 1.032262297151873343e+00
9.549549549549549710e-01 1.032820551345534854e+00
9.585585585585585378e-01 1.033384894371981444e+00
9.621621621621622156e-01 1.033955355185625313e+00
9.657657657657657824e-01 1.034531962906693359e+00
9.693693693693693492e-01 1.035114746827951349e+00
9.729729729729730270e-01 1.035703736421409005e+00
9.765765765765765938e-01 1.036298961345022862e+00
9.801801801801801606e-01 1.036900451449380256e+00
9.837837837837838384e-01 1.037508236784379312e+00
9.873873873873874052e-01 1.038122347605898721e+00
9.909909909909909720e-01 1.038742814382462409e+00
9.945945945945946498e-01 1.039369667801894659e+00
9.981981981981982166e-01 1.040002938777974562e+00
1.001801801801801783e+00 1.040642658457084258e+00
1.005405405405405350e+00 1.041288858224856728e+00
1.009009009009008917e+00 1.041941569712823146e+00
1.012612612612612484e+00 1.042600824805054227e+00
1.016216216216216273e+00 1.043266655644816243e+00
1.019819819819819839e+00 1.043939094641216148e+00
1.023423423423423406e+00 1.044618174475862249e+00
1.027027027027027195e+00 1.045303928109523772e+00
1.030630630630630762e+00 1.045996388788804188e+00
1.034234234234234329e+00 1.046695590052816316e+00
1.037837837837837895e+00 1.047401565739879636e+00
1.041441441441441462e+00 1.048114349994214045e+00
1.045045045045045029e+00 1.048833977272665141e+00
1.048648648648648596e+00 1.049560482351433066e+00
1.052252252252252163e+00 1.050293900332822661e+00
1.055855855855855729e+00 1.051034266652013383e+00
1.059459459459459518e+00 1.051781617083850540e+00
1.063063063063063085e+00 1.052535987749657842e+00
1.066666666666666652e+00 1.053297415124077041e+00
1.070270270270270441e+00 1.054065936041930218e+00
1.073873873873874008e+00 1.054841587705113382e+00
1.077477477477477574e+00 1.055624407689520927e+00
1.081081081081081141e+00 1.056414433951999410e+00
1.084684684684684708e+00 1.057211704837340838e+00
1.088288288288288275e+00 1.058016259085303945e+00
1.091891891891891841e+00 1.058828135837682538e+00
1.095495495495495408e+00 1.059647374645408258e+00
1.099099099099098975e+00 1.060474015475699083e+00
1.102702702702702764e+00 1.061308098719250026e+00
1.106306306306306331e+00 1.062149665197475779e+00
1.109909909909909898e+00 1.062998756169792447e+00
1.113513513513513686e+00 1.063855413340961231e+00
1.117117117117117253e+00 1.064719678868479846e+00
1.120720720720720820e+00 1.065591595370032119e+00
1.124324324324324387e+00 1.066471205930991539e+00
1.127927927927927954e+00 1.067358554111991431e+00
1.131531531531531520e+00 1.068253683956555067e+00
1.135135135135135087e+00 1.069156639998788627e+00
1.138738738738738654e+00 1.070067467271147210e+00
1.142342342342342221e+00 1.070986211312268344e+00
1.145945945945946010e+00 1.071912918174877660e+00
1.149549549549549576e+00 1.072847634433771180e+00
1.153153153153153143e+00 1.073790407193877972e+00
1.156756756756756932e+00 1.074741284098400307e+00
1.160360360360360499e+00 1.075700313337038860e+00
1.163963963963964066e+00 1.076667543654304060e+00
1.167567567567567632e+00 1.077643024357917589e+00
1.171171171171171199e+00 1.078626805327306259e+00
1.174774774774774766e+00 1.079618937022187586e+00
1.178378378378378333e+00 1.080619470491256617e+00
1.181981981981981900e+00 1.081628457380975128e+00
1.185585585585585466e+00 1.082645949944461394e+00
1.189189189189189255e+00 1.083672001050487221e+00
1.192792792792792822e+00 1.084706664192587544e+00
1.196396396396396389e+00 1.085749993498285937e+00
1.200000000000000178e+00 1.086802043738428258e+00
1.203603603603603744e+00 1.087862870336648413e+00
1.207207207207207311e+00 1.088932529378944691e+00
1.210810810810810878e+00 1.090011077623399993e+00
1.214414414414414445e+00 1.091098572510015741e+00
1.218018018018018012e+00 1.092195072170689452e+00
1.221621621621621578e+00 1.093300635439330426e+00
1.225225225225225145e+00 1.094415321862114432e+00
1.228828828828828712e+00 1.095539191707885607e+00
1.232432432432432501e+00 1.096672305978708684e+00
1.236036036036036068e+00 1.097814726420571985e+00
1.239639639639639634e+00 1.098966515534251842e+00
1.243243243243243423e+00 1.100127736586336447e+00
1.246846846846846990e+00 1.101298453620417117e+00
1.250450450450450557e+00 1.102478731468446105e+00
1.254054054054054124e+00 1.103668635762280914e+00
1.257657657657657690e+00 1.104868232945388495e+00
1.261261261261261257e+00 1.106077590284756607e+00
1.264864864864864824e+00 1.107296775882971263e+00
1.268468468468468391e+00 1.108525858690510013e+00
1.272072072072071958e+00 1.109764908518212412e+00
1.275675675675675746e+00 1.111013996049970975e+00
1.279279279279279313e+00 1.112273192855623316e+00
1.282882882882882880e+00 1.113542571404057657e+00
1.286486486486486669e+00 1.114822205076540618e+00
1.290090090090090236e+00 1.116112168180269038e+00
1.293693693693693803e+00 1.117412535962154729e+00
1.297297297297297369e+00 1.118723384622840822e+00
1.300900900900900936e+00 1.120044791330964351e+00
1.304504504504504503e+00 1.121376834237667763e+00
1.308108108108108070e+00 1.122719592491360219e+00
1.311711711711711636e+00 1.124073146252751565e+00
1.315315315315315203e+00 1.125437576710136334e+00
1.318918918918918992e+00 1.126812966094968838e+00
1.322522522522522559e+00 1.128199397697708495e+00
1.326126126126126126e+00 1.129596955883964027e+00
1.329729729729729915e+00 1.131005726110916987e+00
1.333333333333333481e+00 1.132425794944066366e+00
1.336936936936937048e+00 1.133857250074269629e+00
1.340540540540540615e+00 1.135300180335113485e+00
1.344144144144144182e+00 1.136754675720596408e+00
1.347747747747747749e+00 1.138220827403164215e+00
1.351351351351351315e+00 1.139698727752068041e+00
1.354954954954954882e+00 1.141188470352093365e+00
1.358558558558558449e+00 1.142690150022631412e+00
1.362162162162162238e+00 1.144203862837134489e+00
1.365765765765765805e+00 1.145729706142943893e+00
1.369369369369369371e+00 1.147267778581501751e+00
1.372972972972973160e+00 1.148818180108970299e+00
1.376576576576576727e+00 1.150381012017249294e+00
1.380180180180180294e+00 1.151956376955423744e+00
1.383783783783783861e+00 1.153544378951627758e+00
1.387387387387387427e+00 1.155145123435361576e+00
1.390990990990990994e+00 1.156758717260246039e+00
1.394594594594594561e+00 1.158385268727261108e+00
1.398198198198198128e+00 1.160024887608427813e+00
1.401801801801801695e+00 1.161677685171014884e+00
1.405405405405405261e+00 1.163343774202215020e+00
1.409009009009008828e+00 1.165023269034347608e+00
1.412612612612612839e+00 1.166716285570587486e+00
1.416216216216216406e+00 1.168422941311233476e+00
1.419819819819819973e+00 1.170143355380523165e+00
1.423423423423423539e+00 1.171877648554029205e+00
1.427027027027027106e+00 1.173625943286629836e+00
1.430630630630630673e+00 1.175388363741082021e+00
1.434234234234234240e+00 1.177165035817207661e+00
1.437837837837837807e+00 1.178956087181713075e+00
1.441441441441441373e+00 1.180761647298656847e+00
1.445045045045044940e+00 1.182581847460580482e+00
1.448648648648648507e+00 1.184416820820327620e+00
1.452252252252252074e+00 1.186266702423554475e+00
1.455855855855856085e+00 1.188131629241981457e+00
1.459459459459459651e+00 1.190011740207353563e+00
1.463063063063063218e+00 1.191907176246197242e+00
1.466666666666666785e+00 1.193818080315334651e+00
1.470270270270270352e+00 1.195744597438202383e+00
1.473873873873873919e+00 1.197686874742008634e+00
1.477477477477477485e+00 1.199645061495726361e+00
1.481081081081081052e+00 1.201619309148962422e+00
1.484684684684684619e+00 1.203609771371719983e+00
1.488288288288288186e+00 1.205616604095084643e+00
1.491891891891891753e+00 1.207639965552857353e+00
1.495495495495495319e+00 1.209680016324159224e+00
1.499099099099099330e+00 1.211736919377037536e+00
1.502702702702702897e+00 1.213810840113102918e+00
1.506306306306306464e+00 1.215901946413225243e+00
1.509909909909910031e+00 1.218010408684318868e+00
1.513513513513513598e+00 1.220136399907247426e+00
1.517117117117117164e+00 1.222280095685889911e+00
1.520720720720720731e+00 1.224441674297382265e+00
1.524324324324324298e+00 1.226621316743588208e+00
1.527927927927927865e+00 1.228819206803830388e+00
1.531531531531531432e+00 1.231035531088911839e+00
1.535135135135134998e+00 1.233270479096468142e+00
1.538738738738738565e+00 1.235524243267704936e+00
1.542342342342342576e+00 1.237797019045536295e+00
1.545945945945946143e+00 1.240089004934186834e+00
1.549549549549549710e+00 1.242400402560298378e+00
1.553153153153153276e+00 1.244731416735572749e+00
1.556756756756756843e+00 1.247082255521019034e+00
1.560360360360360410e+00 1.249453130292840441e+00
1.563963963963963977e+00 1.251844255810008688e+00
1.567567567567567544e+00 1.254255850283592544e+00
1.571171171171171110e+00 1.256688135447882937e+00
1.574774774774774677e+00 1.259141336633375685e+00
1.578378378378378244e+00 1.261615682841663810e+00
1.581981981981981811e+00 1.264111406822316708e+00
1.585585585585585822e+00 1.266628745151785917e+00
1.589189189189189388e+00 1.269167938314421207e+00
1.592792792792792955e+00 1.271729230785654474e+00
1.596396396396396522e+00 1.274312871117425860e+00
1.600000000000000089e+00 1.276919112025923342e+00
1.603603603603603656e+00 1.279548210481710191e+00
1.607207207207207222e+00 1.282200427802321352e+00
1.610810810810810789e+00 1.284876029747407333e+00
1.614414414414414356e+00 1.287575286616512882e+00
1.618018018018017923e+00 1.290298473349573261e+00
1.621621621621621490e+00 1.293045869630224054e+00
1.625225225225225056e+00 1.295817759992019758e+00
1.628828828828829067e+00 1.298614433927652634e+00
1.632432432432432634e+00 1.301436186001287298e+00
1.636036036036036201e+00 1.304283315964096079e+00
1.639639639639639768e+00 1.307156128873135037e+00
1.643243243243243334e+00 1.310054935213640137e+00
1.646846846846846901e+00 1.312980051024908335e+00
1.650450450450450468e+00 1.315931798029831956e+00
1.654054054054054035e+00 1.318910503768275344e+00
1.657657657657657602e+00 1.321916501734384797e+00
1.661261261261261168e+00 1.324950131517989460e+00
1.664864864864864735e+00 1.328011738950244824e+00
1.668468468468468302e+00 1.331101676253660493e+00
1.672072072072072313e+00 1.334220302196676755e+00
1.675675675675675880e+00 1.337367982252959608e+00
1.679279279279279447e+00 1.340545088765578763e+00
1.682882882882883013e+00 1.343752001116258032e+00
1.686486486486486580e+00 1.346989105899877748e+00
1.690090090090090147e+00 1.350256797104435691e+00
1.693693693693693714e+00 1.353555476296661952e+00
1.697297297297297280e+00 1.356885552813513529e+00
1.700900900900900847e+00 1.360247443959750724e+00
1.704504504504504414e+00 1.363641575211864687e+00
1.708108108108107981e+00 1.367068380428563268e+00
1.711711711711711548e+00 1.370528302068093174e+00
1.715315315315315559e+00 1.374021791412654903e+00
1.718918918918919125e+00 1.377549308800205541e+00
1.722522522522522692e+00 1.381111323863915219e+00
1.726126126126126259e+00 1.384708315779601406e+00
1.729729729729729826e+00 1.388340773521472116e+00
1.733333333333333393e+00 1.392009196126470449e+00
1.736936936936936959e+00 1.395714092967618170e+00
1.740540540540540526e+00 1.399455984036710454e+00
1.744144144144144093e+00 1.403235400236725328e+00
1.747747747747747660e+00 1.407052883684389855e+00
1.751351351351351227e+00 1.410908988023280353e+00
1.754954954954954793e+00 1.414804278747959110e+00
1.758558558558558804e+00 1.418739333539558833e+00
1.762162162162162371e+00 1.422714742613332861e+00
1.765765765765765938e+00 1.426731109078681170e+00
1.769369369369369505e+00 1.430789049312195527e+00
1.772972972972973071e+00 1.434889193344274450e+00
1.776576576576576638e+00 1.439032185259925489e+00
1.780180180180180205e+00 1.443218683614366338e+00
1.783783783783783772e+00 1.447449361864096673e+00
1.787387387387387339e+00 1.451724908814125525e+00
1.790990990990990905e+00 1.456046029082078475e+00
1.794594594594594472e+00 1.460413443579990034e+00
1.798198198198198039e+00 1.464827890014536615e+00
1.801801801801802050e+00 1.469290123406612469e+00
1.805405405405405617e+00 1.473800916631113012e+00
1.809009009009009183e+00 1.478361060977926300e+00
1.812612612612612750e+00 1.482971366735058361e+00
1.816216216216216317e+00 1.487632663795038557e+00
1.819819819819819884e+00 1.492345802285640843e+00
1.823423423423423451e+00 1.497111653226166128e+00
1.827027027027027017e+00 1.501931109210501658e+00
1.830630630630630584e+00 1.506805085118282594e+00
1.834234234234234151e+00 1.511734518855543330e+00
1.837837837837837718e+00 1.516720372126360683e+00
1.841441441441441285e+00 1.521763631237040837e+00
1.845045045045045295e+00 1.526865307934490268e+00
1.848648648648648862e+00 1.532026440280554791e+00
1.852252252252252429e+00 1.537248093564195006e+00
1.855855855855855996e+00 1.542531361253415501e+00
1.859459459459459563e+00 1.547877365989137610e+00
1.863063063063063129e+00 1.553287260623173127e+00
1.866666666666666696e+00 1.558762229302688151e+00
1.870270270270270263e+00 1.564303488603675518e+00
1.873873873873873830e+00 1.569912288716134308e+00
1.877477477477477397e+00 1.575589914683763082e+00
1.881081081081080963e+00 1.581337687701220629e+00
1.884684684684684530e+00 1.587156966472213160e+00
1.888288288288288541e+00 1.593049148631814349e+00
1.891891891891892108e+00 1.599015672236709484e+00
1.895495495495495675e+00 1.605058017327305464e+00
1.899099099099099242e+00 1.611177707565860873e+00
1.902702702702702808e+00 1.617376311955172508e+00
1.906306306306306375e+00 1.623655446642511713e+00
1.909909909909909942e+00 1.630016776814055213e+00
1.913513513513513509e+00 1.636462018685204356e+00
1.917117117117117076e+00 1.642992941592711142e+00
1.920720720720720642e+00 1.649611370194890902e+00
1.924324324324324209e+00 1.656319186786737063e+00
1.927927927927927776e+00 1.663118333737136689e+00
1.931531531531531787e+00 1.670010816056014979e+00
1.935135135135135354e+00 1.676998704099805337e+00
1.938738738738738920e+00 1.684084136424266687e+00
1.942342342342342487e+00 1.691269322794388241e+00
1.945945945945946054e+00 1.698556547361792068e+00
1.949549549549549621e+00 1.705948172021043652e+00
1.953153153153153188e+00 1.713446639956989648e+00
1.956756756756756754e+00 1.721054479396310288e+00
1.960360360360360321e+00 1.728774307577616520e+00
1.963963963963963888e+00 1.736608834955404967e+00
1.967567567567567455e+00 1.744560869654712354e+00
1.971171171171171022e+00 1.752633322194468546e+00
1.974774774774775032e+00 1.760829210499339048e+00
1.978378378378378599e+00 1.769151665221343706e+00
1.981981981981982166e+00 1.777603935394484358e+00
1.985585585585585733e+00 1.786189394447793788e+00
1.989189189189189300e+00 1.794911546604184061e+00
1.992792792792792866e+00 1.803774033695359380e+00
1.996396396396396433e+00 1.812780642425509292e+00
2.000000000000000000e+00 1.821935312119685735e+00
2.003603603603603567e+00 1.831242142996243327e+00
2.007207207207207134e+00 1.840705405006309192e+00
2.010810810810810700e+00 1.850329547287546728e+00
2.014414414414414267e+00 1.860119208284197301e+00
2.018018018018018278e+00 1.870079226590314336e+00
2.021621621621621845e+00 1.880214652579174084e+00
2.025225225225225412e+00 1.890530760888225359e+00
2.028828828828828978e+00 1.901033063835894321e+00
2.032432432432432545e+00 1.911727325855325788e+00
2.036036036036036112e+00 1.922619579038433502e+00
2.039639639639639679e+00 1.933716139894485320e+00
2.043243243243243246e+00 1.945023627438822400e+00
2.046846846846846812e+00 1.956548982740160314e+00
2.050450450450450379e+00 1.968299490069832736e+00
2.054054054054053946e+00 1.980282799813182226e+00
2.057657657657657513e+00 1.992506953321683039e+00
2.061261261261261524e+00 2.004980409906743422e+00
2.064864864864865091e+00 2.017712076199994709e+00
2.068468468468468657e+00 2.030711338133356136e+00
2.072072072072072224e+00 2.043988095824325057e+00
2.075675675675675791e+00 2.057552801688582900e+00
2.079279279279279358e+00 2.071416502144743266e+00
2.082882882882882924e+00 2.085590883324972111e+00
2.086486486486486491e+00 2.100088321261889490e+00
2.090090090090090058e+00 2.114921937087630877e+00
2.093693693693693625e+00 2.130105657857715773e+00
2.097297297297297192e+00 2.145654283701313503e+00
2.100900900900900758e+00 2.161583562103252198e+00
2.104504504504504769e+00 2.177910270246258939e+00
2.108108108108108336e+00 2.194652306485015636e+00
2.111711711711711903e+00 2.211828792194014071e+00
2.115315315315315470e+00 2.229460185432939667e+00
2.118918918918919037e+00 2.247568408112512905e+00
2.122522522522522603e+00 2.266176988630664191e+00
2.126126126126126170e+00 2.285311222292246036e+00
2.129729729729729737e+00 2.304998352239007620e+00
2.133333333333333304e+00 2.325267774117233621e+00
2.136936936936936871e+00 2.346151268318425132e+00
2.140540540540540437e+00 2.367683264371052587e+00
2.144144144144144004e+00 2.389901142973897219e+00
2.147747747747748015e+00 2.412845582285454427e+00
2.151351351351351582e+00 2.436560956482650475e+00
2.154954954954955149e+00 2.461095796344647813e+00
2.158558558558558715e+00 2.486503323810794974e+00
2.162162162162162282e+00 2.512842075236632500e+00
2.165765765765765849e+00 2.540176631604166513e+00
2.169369369369369416e+00 2.568578478484365935e+00
2.172972972972972983e+00 2.598127024426345244e+00
2.176576576576576549e+00 2.628910814118694095e+00
2.180180180180180116e+00 2.661028982785336172e+00
2.183783783783783683e+00 2.694593011739158772e+00
2.187387387387387250e+00 2.729728863130639560e+00
2.190990990990991261e+00 2.766579596582737111e+00
2.194594594594594827e+00 2.805308604375339687e+00
2.198198198198198394e+00 2.846103649304309258e+00
2.201801801801801961e+00 2.889181956614055746e+00
2.205405405405405528e+00 2.934796708322048975e+00
2.209009009009009095e+00 2.983245430372476914e+00
2.212612612612612661e+00 3.034880975544200776e+00
2.216216216216216228e+00 3.090126129726844528e+00
2.219819819819819795e+00 3.149493377394422922e+00
2.223423423423423362e+00 3.213612179534145241e+00
2.227027027027026929e+00 3.283267473059593655e+00
2.230630630630630495e+00 3.359455429723854802e+00
2.234234234234234506e+00 3.443466678801390568e+00
2.237837837837838073e+00 3.537015011735084702e+00
2.241441441441441640e+00 3.642445087470356668e+00
2.245045045045045207e+00 3.763085557789016988e+00
2.248648648648648773e+00 3.903889944931534295e+00
2.252252252252252340e+00 4.072702367254519729e+00
2.255855855855855907e+00 4.283060261436903993e+00
2.259459459459459474e+00 4.561515287640431460e+00
2.263063063063063041e+00 4.972591578246623456e+00
2.266666666666666607e+00 5.766069083232619796e+00
2.270270270270270174e+00 6.516553621832872345e+00
2.273873873873873741e+00 5.192305983498780364e+00
2.277477477477477308e+00 4.673190182237410895e+00
2.281081081081081319e+00 4.342933954940967567e+00
2.284684684684684886e+00 4.099621289991062234e+00
2.288288288288288452e+00 3.906558892595728416e+00
2.291891891891892019e+00 3.746295685097075445e+00
2.295495495495495586e+00 3.609148395969282497e+00
2.299099099099099153e+00 3.489180681892812608e+00
2.302702702702702720e+00 3.382488447624110606e+00
2.306306306306306286e+00 3.286366173880233887e+00
2.309909909909909853e+00 3.198861302199636381e+00
2.313513513513513420e+00 3.118518247806649768e+00
2.317117117117116987e+00 3.044222749238690628e+00
2.320720720720720553e+00 2.975102768328379721e+00
2.324324324324324564e+00 2.910462944457159029e+00
2.327927927927928131e+00 2.849739828419604937e+00
2.331531531531531698e+00 2.792470458751611151e+00
2.335135135135135265e+00 2.738269775004192663e+00
2.338738738738738832e+00 2.686814043424331722e+00
2.342342342342342398e+00 2.637828470820893667e+00
2.345945945945945965e+00 2.591077797229338842e+00
2.349549549549549532e+00 2.546359046825438899e+00
2.353153153153153099e+00 2.503495868740253094e+00
2.356756756756756666e+00 2.462334066746338923e+00
2.360360360360360232e+00 2.422738030068904092e+00
2.363963963963963799e+00 2.384587855701280734e+00
2.367567567567567810e+00 2.347777007382919834e+00
2.371171171171171377e+00 2.312210395407436003e+00
2.374774774774774944e+00 2.277802789589492338e+00
2.378378378378378510e+00 2.244477498320688102e+00
2.381981981981982077e+00 2.212165261888778378e+00
2.385585585585585644e+00 2.180803319645479466e+00
2.389189189189189211e+00 2.150334619232170841e+00
2.392792792792792778e+00 2.120707142657268562e+00
2.396396396396396344e+00 2.091873329088656419e+00
2.399999999999999911e+00 2.063789578160823091e+00
2.403603603603603478e+00 2.036415820677697663e+00
2.407207207207207045e+00 2.009715146021314514e+00
2.410810810810810612e+00 1.983653477502973939e+00
2.414414414414414178e+00 1.958199288436276442e+00
2.418018018018017745e+00 1.933323352948114193e+00
2.421621621621621756e+00 1.908998526545859553e+00
2.425225225225225323e+00 1.885199552273784551e+00
2.428828828828828890e+00 1.861902888956713742e+00
2.432432432432432456e+00 1.839086558575856678e+00
2.436036036036036023e+00 1.816730010273394980e+00
2.439639639639639590e+00 1.794813998856622739e+00
2.443243243243243157e+00 1.773320475983551470e+00
2.446846846846846724e+00 1.752232492472921788e+00
2.450450450450450290e+00 1.731534110400054116e+00
2.454054054054053857e+00 1.711210323824470469e+00
2.457657657657657424e+00 1.691246987150722747e+00
2.461261261261260991e+00 1.671630750256349884e+00
2.464864864864865002e+00 1.652348999633362903e+00
2.468468468468468568e+00 1.633389804886110408e+00
2.472072072072072135e+00 1.614741870010084401e+00
2.475675675675675702e+00 1.596394488947851631e+00
2.479279279279279269e+00 1.578337504978672756e+00
2.482882882882882836e+00 1.560561273551382300e+00
2.486486486486486402e+00 1.543056628215558224e+00
2.490090090090089969e+00 1.525814849346006197e+00
2.493693693693693536e+00 1.508827635389627941e+00
2.497297297297297103e+00 1.492087076394330358e+00
2.500900900900900670e+00 1.475585629605673743e+00
2.504504504504504236e+00 1.459316096940277863e+00
2.508108108108108247e+00 1.443271604165108579e+00
2.511711711711711814e+00 1.427445581629809945e+00
2.515315315315315381e+00 1.411831746415005417e+00
2.518918918918918948e+00 1.396424085773150470e+00
2.522522522522522515e+00 1.381216841751302882e+00
2.526126126126126081e+00 1.366204496895727205e+00
2.529729729729729648e+00 1.351381760948243027e+00
2.533333333333333215e+00 1.336743558452642144e+00
2.536936936936936782e+00 1.322285017197541324e+00
2.540540540540540349e+00 1.308001457428598746e+00
2.544144144144143915e+00 1.293888381769380924e+00
2.547747747747747482e+00 1.279941465795716216e+00
2.551351351351351493e+00 1.266156549213202975e+00
2.554954954954955060e+00 1.252529627592122941e+00
2.558558558558558627e+00 1.239056844617857811e+00
2.562162162162162193e+00 1.225734484818807868e+00
2.565765765765765760e+00 1.212558966736748456e+00
2.569369369369369327e+00 1.199526836507634142e+00
2.572972972972972894e+00 1.186634761823709194e+00
2.576576576576576461e+00 1.173879526249851146e+00
2.580180180180180027e+00 1.161258023869556011e+00
2.583783783783783594e+00 1.148767254237775592e+00
2.587387387387387161e+00 1.136404317619777560e+00
2.590990990990990728e+00 1.124166410496705959e+00
2.594594594594594739e+00 1.112050821320079486e+00
2.598198198198198305e+00 1.100054926498904351e+00
2.601801801801801872e+00 1.088176186604092655e+00
2.605405405405405439e+00 1.076412142776387526e+00
2.609009009009009006e+00 1.064760413324652211e+00
2.612612612612612573e+00 1.053218690502575550e+00
2.616216216216216139e+00 1.041784737452703613e+00
2.619819819819819706e+00 1.030456385307378708e+00
2.623423423423423273e+00 1.019231530437032962e+00
2.627027027027026840e+00 1.008108131836973564e+00
2.630630630630630407e+00 9.970842086442354146e-01
2.634234234234233973e+00 9.861578377769171233e-01
2.637837837837837984e+00 9.753271516887516146e-01
2.641441441441441551e+00 9.645903362321693875e-01
2.645045045045045118e+00 9.539456286237290028e-01
2.648648648648648685e+00 9.433913155059144851e-01
2.652252252252252251e+00 9.329257310999935493e-01
2.655855855855855818e+00 9.225472554447978757e-01
2.659459459459459385e+00 9.122543127166030663e-01
2.663063063063062952e+00 9.020453696257518805e-01
2.666666666666666519e+00 8.919189338857849148e-01
2.670270270270270085e+00 8.818735527511550876e-01
2.673873873873873652e+00 8.719078116199326933e-01
2.677477477477477219e+00 8.620203326979762881e-01
2.681081081081081230e+00 8.522097737213835122e-01
2.684684684684684797e+00 8.424748267342199171e-01
2.688288288288288364e+00 8.328142169185871468e-01
2.691891891891891930e+00 8.232267014744480971e-01
2.695495495495495497e+00 8.137110685466112381e-01
2.699099099099099064e+00 8.042661361965849354e-01
2.702702702702702631e+00 7.948907514169536448e-01
2.706306306306306197e+00 7.855837891862934574e-01
2.709909909909909764e+00 7.763441515625482126e-01
2.713513513513513331e+00 7.671707668130340885e-01
2.717117117117116898e+00 7.580625885793356167e-01
2.720720720720720465e+00 7.490185950753344146e-01
2.724324324324324476e+00 7.400377883169044768e-01
2.727927927927928042e+00 7.311191933817158262e-01
2.731531531531531609e+00 7.222618576977487548e-01
2.735135135135135176e+00 7.134648503592055935e-01
2.738738738738738743e+00 7.047272614685567982e-01
2.742342342342342310e+00 6.960482015035132086e-01
2.745945945945945876e+00 6.874268007078151443e-01
2.749549549549549443e+00 6.788622085047528731e-01
2.753153153153153010e+00 6.703535929324017095e-01
2.756756756756756577e+00 6.619001400996604723e-01
2.760360360360360144e+00 6.535010536620728949e-01
2.763963963963963710e+00 6.451555543166974660e-01
2.767567567567567721e+00 6.368628793150880041e-01
2.771171171171171288e+00 6.286222819937061779e-01
2.774774774774774855e+00 6.204330313209177605e-01
2.778378378378378422e+00 6.122944114599691012e-01
2.781981981981981988e+00 6.042057213472101784e-01
2.785585585585585555e+00 5.961662742849378471e-01
2.789189189189189122e+00 5.881753975482736374e-01
2.792792792792792689e+00 5.802324320054690343e-01
2.796396396396396256e+00 5.723367317511254271e-01
2.799999999999999822e+00 5.644876637517509677e-01
2.803603603603603389e+00 5.566846075032211294e-01
2.807207207207206956e+00 5.489269546996129456e-01
2.810810810810810967e+00 5.412141089129816063e-01
2.814414414414414534e+00 5.335454852836627460e-01
2.818018018018018100e+00 5.259205102206365723e-01
2.821621621621621667e+00 5.183386211116368658e-01
2.825225225225225234e+00 5.107992660425435538e-01
2.828828828828828801e+00 5.033019035257754181e-01
2.832432432432432368e+00 4.958460022372956355e-01
2.836036036036035934e+00 4.884310407618871475e-01
2.839639639639639501e+00 4.810565073464652119e-01
2.843243243243243068e+00 4.737218996610185195e-01
2.846846846846846635e+00 4.664267245669842521e-01
2.850450450450450202e+00 4.591704978927197423e-01
2.854054054054054212e+00 4.519527442158599029e-01
2.857657657657657779e+00 4.447729966522603884e-01
2.861261261261261346e+00 4.376307966513192094e-01
2.864864864864864913e+00 4.305256937974453746e-01
2.868468468468468480e+00 4.234572456174249822e-01
2.872072072072072046e+00 4.164250173935221677e-01
2.875675675675675613e+00 4.094285819820527306e-01
2.879279279279279180e+00 4.024675196372937136e-01
2.882882882882882747e+00 3.955414178405012304e-01
2.886486486486486314e+00 3.886498711338847722e-01
2.890090090090089880e+00 3.817924809593432611e-01
2.893693693693693447e+00 3.749688555018173552e-01
2.897297297297297458e+00 3.681786095370917500e-01
2.900900900900901025e+00 3.614213642839047003e-01
2.904504504504504592e+00 3.546967472601964544e-01
2.908108108108108159e+00 3.480043921433780829e-01
2.911711711711711725e+00 3.413439386344891413e-01
2.915315315315315292e+00 3.347150323261014471e-01
2.918918918918918859e+00 3.281173245738324695e-01
2.922522522522522426e+00 3.215504723713944468e-01
2.926126126126125992e+00 3.150141382290237435e-01
2.929729729729729559e+00 3.085079900551759846e-01
2.933333333333333126e+00 3.020317010414273473e-01
2.936936936936936693e+00 2.955849495504210278e-01
2.940540540540540704e+00 2.891674190068038719e-01
2.944144144144144271e+00 2.827787977910565242e-01
2.947747747747747837e+00 2.764187791360697144e-01
2.951351351351351404e+00 2.700870610264718974e-01
2.954954954954954971e+00 2.637833461005392177e-01
2.958558558558558538e+00 2.575073415546502709e-01
2.962162162162162105e+00 2.512587590502160517e-01
2.965765765765765671e+00 2.450373146229455623e-01
2.969369369369369238e+00 2.388427285944694223e-01
2.972972972972972805e+00 2.326747254861757097e-01
2.976576576576576372e+00 2.265330339352020494e-01
2.980180180180179939e+00 2.204173866125665737e-01
2.983783783783783949e+00 2.143275201433036958e-01
2.987387387387387516e+00 2.082631750286100258e-01
2.990990990990991083e+00 2.022240955698807185e-01
2.994594594594594650e+00 1.962100297946351712e-01
2.998198198198198217e+00 1.902207293842438640e-01
3.001801801801801783e+00 1.842559496033971400e-01
3.005405405405405350e+00 1.783154492313000494e-01
3.009009009009008917e+00 1.723989904945093243e-01
3.012612612612612484e+00 1.665063390013822864e-01
3.016216216216216051e+00 1.606372636780835916e-01
3.019819819819819617e+00 1.547915367061042935e-01
3.023423423423423184e+00 1.489689334612799565e-01
3.027027027027027195e+00 1.431692324541957995e-01
3.030630630630630762e+00 1.373922152720329637e-01
3.034234234234234329e+00 1.316376665217242892e-01
3.037837837837837895e+00 1.259053737744495749e-01
3.041441441441441462e+00 1.201951275114073459e-01
3.045045045045045029e+00 1.145067210708134581e-01
3.048648648648648596e+00 1.088399505961336472e-01
3.052252252252252163e+00 1.031946149854623129e-01
3.055855855855855729e+00 9.757051584207428185e-02
3.059459459459459296e+00 9.196745742605845486e-02
3.063063063063062863e+00 8.638524660706264902e-02
3.066666666666666430e+00 8.082369281807844086e-02
3.070270270270270441e+00 7.528260801023553550e-02
3.073873873873874008e+00 6.976180660863397220e-02
3.077477477477477574e+00 6.426110546909906407e-02
3.081081081081081141e+00 5.878032383592775995e-02
3.084684684684684708e+00 5.331928330051674547e-02
3.088288288288288275e+00 4.787780776091767054e-02
3.091891891891891841e+00 4.245572338224481990e-02
3.095495495495495408e+00 3.705285855794206162e-02
3.099099099099098975e+00 3.166904387188956838e-02
3.102702702702702542e+00 2.630411206128638324e-02
3.106306306306306109e+00 2.095789798035841561e-02
3.109909909909909675e+00 1.563023856480213677e-02
3.113513513513513686e+00 1.032097279699405179e-02
3.117117117117117253e+00 5.029941671926428139e-03
3.120720720720720820e+00 -2.430118361633806768e-04
3.124324324324324387e+00 -5.498042806445388626e-03
3.127927927927927954e+00 -1.073530440349756108e-02
3.131531531531531520e+00 -1.595494790863479992e-02
3.135135135135135087e+00 -2.115712275059090583e-02
3.138738738738738654e+00 -2.634197653560185759e-02
3.142342342342342221e+00 -3.150965507684107270e-02
3.145945945945945788e+00 -3.666030242328278260e-02
3.149549549549549354e+00 -4.179406088798653940e-02
3.153153153153152921e+00 -4.691107107578972035e-02
3.156756756756756932e+00 -5.201147191047891111e-02
3.160360360360360499e+00 -5.709540066139442288e-02
3.163963963963964066e+00 -6.216299296951719594e-02
3.167567567567567632e+00 -6.721438287304740133e-02
3.171171171171171199e+00 -7.224970283246981428e-02
3.174774774774774766e+00 -7.726908375513164007e-02
3.178378378378378333e+00 -8.227265501934766245e-02
3.181981981981981900e+00 -8.726054449802407575e-02
3.185585585585585466e+00 -9.223287858183838728e-02
3.189189189189189033e+00 -9.718978220196512752e-02
3.192792792792792600e+00 -1.021313788523673799e-01
3.196396396396396167e+00 -1.070577906116660372e-01
3.199999999999999734e+00 -1.119691381645808309e-01
3.203603603603603744e+00 -1.168655408229840181e-01
3.207207207207207311e+00 -1.217471165465373040e-01
3.210810810810810878e+00 -1.266139819629528152e-01
3.214414414414414445e+00 -1.314662523878639133e-01
3.218018018018018012e+00 -1.363040418443410562e-01
3.221621621621621578e+00 -1.411274630820286979e-01
3.225225225225225145e+00 -1.459366275959305681e-01
3.228828828828828712e+00 -1.507316456448590525e-01
3.232432432432432279e+00 -1.555126262695318839e-01
3.236036036036035846e+00 -1.602796773103446204e-01
3.239639639639639412e+00 -1.650329054248201033e-01
3.243243243243242979e+00 -1.697724161047309832e-01
3.246846846846846990e+00 -1.744983136929291467e-01
3.250450450450450557e+00 -1.792107013998483489e-01
3.254054054054054124e+00 -1.839096813197356184e-01
3.257657657657657690e+00 -1.885953544465718834e-01
3.261261261261261257e+00 -1.932678206897203710e-01
3.264864864864864824e+00 -1.979271788892860984e-01
3.268468468468468391e+00 -2.025735268312175985e-01
3.272072072072071958e+00 -2.072069612621281476e-01
3.275675675675675524e+00 -2.118275779038662487e-01
3.279279279279279091e+00 -2.164354714678241864e-01
3.282882882882882658e+00 -2.210307356689990566e-01
3.286486486486486225e+00 -2.256134632398144602e-01
3.290090090090090236e+00 -2.301837459436913147e-01
3.293693693693693803e+00 -2.347416745883951772e-01
3.297297297297297369e+00 -2.392873390391451749e-01
3.300900900900900936e+00 -2.438208282315114661e-01
3.304504504504504503e+00 -2.483422301840688406e-01
3.308108108108108070e+00 -2.528516320108630255e-01
3.311711711711711636e+00 -2.573491199336423452e-01
3.315315315315315203e+00 -2.618347792938965357e-01
3.318918918918918770e+00 -2.663086945646861992e-01
3.322522522522522337e+00 -2.707709493622718067e-01
3.326126126126125904e+00 -2.752216264575640392e-01
3.329729729729729470e+00 -2.796608077873534159e-01
3.333333333333333481e+00 -2.840885744653809941e-01
3.336936936936937048e+00 -2.885050067932152795e-01
3.340540540540540615e+00 -2.929101842709453396e-01
3.344144144144144182e+00 -2.973041856077071610e-01
3.347747747747747749e+00 -3.016870887320252104e-01
3.351351351351351315e+00 -3.060589708020028943e-01
3.354954954954954882e+00 -3.104199082153239475e-01
3.358558558558558449e+00 -3.147699766191165982e-01
3.362162162162162016e+00 -3.191092509196350457e-01
3.365765765765765583e+00 -3.234378052918011615e-01
3.369369369369369149e+00 -3.277557131885820985e-01
3.372972972972972716e+00 -3.320630473502337310e-01
3.376576576576576727e+00 -3.363598798133706214e-01
3.380180180180180294e+00 -3.406462819199149172e-01
3.383783783783783861e+00 -3.449223243258941474e-01
3.387387387387387427e+00 -3.491880770101012388e-01
3.390990990990990994e+00 -3.534436092826144793e-01
3.394594594594594561e+00 -3.576889897931881390e-01
3.398198198198198128e+00 -3.619242865395108089e-01
3.401801801801801695e+00 -3.661495668753335653e-01
3.405405405405405261e+00 -3.703648975184767878e-01
3.409009009009008828e+00 -3.745703445586982538e-01
3.412612612612612395e+00 -3.787659734654574839e-01
3.416216216216215962e+00 -3.829518490955567955e-01
3.419819819819819973e+00 -3.871280357006471329e-01
3.423423423423423539e+00 -3.912945969346500186e-01
3.427027027027027106e+00 -3.954515958610316795e-01
3.430630630630630673e+00 -3.995990949600000119e-01
3.434234234234234240e+00 -4.037371561355655447e-01
3.437837837837837807e+00 -4.078658407225104754e-01
3.441441441441441373e+00 -4.119852094932453523e-01
3.445045045045044940e+00 -4.160953226645711656e-01
3.448648648648648507e+00 -4.201962399043301377e-01
3.452252252252252074e+00 -4.242880203379652548e-01
3.455855855855855641e+00 -4.283707225549734932e-01
3.459459459459459207e+00 -4.324444046152801091e-01
3.463063063063063218e+00 -4.365091240554906937e-01
3.466666666666666785e+00 -4.405649378950801665e-01
3.470270270270270352e+00 -4.446119026424725784e-01
3.473873873873873919e+00 -4.486500743010410908e-01
3.477477477477477485e+00 -4.526795083750060344e-01
3.481081081081081052e+00 -4.567002598752729070e-01
3.484684684684684619e+00 -4.607123833251575151e-01
3.488288288288288186e+00 -4.647159327660414507e-01
3.491891891891891753e+00 -4.687109617629517944e-01
3.495495495495495319e+00 -4.726975234100480039e-01
3.499099099099098886e+00 -4.766756703360365832e-01
3.502702702702702453e+00 -4.806454547095052043e-01
3.506306306306306464e+00 -4.846069282441892168e-01
3.509909909909910031e+00 -4.885601422041446207e-01
3.513513513513513598e+00 -4.925051474088769643e-01
3.517117117117117164e+00 -4.964419942383598849e-01
3.520720720720720731e+00 -5.003707326380184561e-01
3.524324324324324298e+00 -5.042914121236211633e-01
3.527927927927927865e+00 -5.082040817861104287e-01
3.531531531531531432e+00 -5.121087902963605831e-01
3.535135135135134998e+00 -5.160055859098774400e-01
3.538738738738738565e+00 -5.198945164714305900e-01
3.542342342342342132e+00 -5.237756294196083129e-01
3.545945945945945699e+00 -5.276489717913338540e-01
3.549549549549549710e+00 -5.315145902262946587e-01
3.553153153153153276e+00 -5.353725309713267544e-01
3.556756756756756843e+00 -5.392228398847345172e-01
3.560360360360360410e+00 -5.430655624405442694e-01
3.563963963963963977e+00 -5.469007437327205734e-01
3.567567567567567544e+00 -5.507284284792947071e-01
3.571171171171171110e+00 -5.545486610264632743e-01
3.574774774774774677e+00 -5.583614853526180921e-01
3.578378378378378244e+00 -5.621669450723235650e-01
3.581981981981981811e+00 -5.659650834402508712e-01
3.585585585585585378e+00 -5.697559433550343222e-01
3.589189189189188944e+00 -5.735395673631105140e-01
3.592792792792792955e+00 -5.773159976624773204e-01
3.596396396396396522e+00 -5.810852761064119187e-01
3.600000000000000089e+00 -5.848474442071487367e-01
3.603603603603603656e+00 -5.886025431394977803e-01
3.607207207207207222e+00 -5.923506137444148889e-01
3.610810810810810789e+00 -5.960916965325369077e-01
3.614414414414414356e+00 -5.998258316876535767e-01
3.618018018018017923e+00 -6.035530590701486675e-01
3.621621621621621490e+00 -6.072734182203869402e-01
3.625225225225225056e+00 -6.109869483620617991e-01
3.628828828828828623e+00 -6.146936884054938766e-01
3.632432432432432190e+00 -6.183936769508991960e-01
3.636036036036036201e+00 -6.220869522915978278e-01
3.639639639639639768e+00 -6.257735524171950114e-01
3.643243243243243334e+00 -6.294535150167138715e-01
3.646846846846846901e+00 -6.331268774816923850e-01
3.650450450450450468e+00 -6.367936769092392701e-01
3.654054054054054035e+00 -6.404539501050479089e-01
3.657657657657657602e+00 -6.441077335863769626e-01
3.661261261261261168e+00 -6.477550635849904648e-01
3.664864864864864735e+00 -6.513959760500579455e-01
3.668468468468468302e+00 -6.550305066510263563e-01
3.672072072072071869e+00 -6.586586907804448110e-01
3.675675675675675436e+00 -6.622805635567626803e-01
3.679279279279279447e+00 -6.658961598270912718e-01
3.682882882882883013e+00 -6.695055141699222112e-01
3.686486486486486580e+00 -6.731086608978265051e-01
3.690090090090090147e+00 -6.767056340601074194e-01
3.693693693693693714e+00 -6.802964674454284877e-01
3.697297297297297280e+00 -6.838811945844035511e-01
3.700900900900900847e+00 -6.874598487521582646e-01
3.704504504504504414e+00 -6.910324629708616273e-01
3.708108108108107981e+00 -6.945990700122143258e-01
3.711711711711711548e+00 -6.981597023999317475e-01
3.715315315315315114e+00 -7.017143924121668208e-01
3.718918918918918681e+00 -7.052631720839233065e-01
3.722522522522522692e+00 -7.088060732094362271e-01
3.726126126126126259e+00 -7.123431273445169909e-01
3.729729729729729826e+00 -7.158743658088742023e-01
3.733333333333333393e+00 -7.193998196884094920e-01
3.736936936936936959e+00 -7.229195198374840370e-01
3.740540540540540526e+00 -7.264334968811492210e-01
3.744144144144144093e+00 -7.299417812173656372e-01
3.747747747747747660e+00 -7.334444030191866748e-01
3.751351351351351227e+00 -7.369413922369101311e-01
3.754954954954954793e+00 -7.404327786002232736e-01
3.758558558558558360e+00 -7.439185916202977200e-01
3.762162162162161927e+00 -7.473988605918825412e-01
3.765765765765765938e+00 -7.508736145953571750e-01
3.769369369369369505e+00 -7.543428824987681303e-01
3.772972972972973071e+00 -7.578066929598356039e-01
3.776576576576576638e+00 -7.612650744279416681e-01
3.780180180180180205e+00 -7.647180551460966980e-01
3.783783783783783772e+00 -7.681656631528723800e-01
3.787387387387387339e+00 -7.716079262843272835e-01
3.790990990990990905e+00 -7.750448721758980142e-01
3.794594594594594472e+00 -7.784765282642743811e-01
3.798198198198198039e+00 -7.819029217892465855e-01
3.801801801801801606e+00 -7.853240797955429731e-01
3.805405405405405173e+00 -7.887400291346330361e-01
3.809009009009009183e+00 -7.921507964665229773e-01
3.812612612612612750e+00 -7.955564082615149690e-01
3.816216216216216317e+00 -7.989568908019624160e-01
3.819819819819819884e+00 -8.023522701839924665e-01
3.823423423423423451e+00 -8.057425723192199740e-01
3.827027027027027017e+00 -8.091278229364327057e-01
3.830630630630630584e+00 -8.125080475832600069e-01
3.834234234234234151e+00 -8.158832716278269226e-01
3.837837837837837718e+00 -8.192535202603840050e-01
3.841441441441441285e+00 -8.226188184949242421e-01
3.845045045045044851e+00 -8.259791911707757839e-01
3.848648648648648418e+00 -8.293346629541783477e-01
3.852252252252252429e+00 -8.326852583398489660e-01
3.855855855855855996e+00 -8.360310016525227539e-01
3.859459459459459563e+00 -8.393719170484756908e-01
3.863063063063063129e+00 -8.427080285170359675e-01
3.866666666666666696e+00 -8.460393598820763472e-01
3.870270270270270263e+00 -8.493659348034897638e-01
3.873873873873873830e+00 -8.526877767786454898e-01
3.877477477477477397e+00 -8.560049091438355351e-01
3.881081081081080963e+00 -8.593173550757050583e-01
3.884684684684684530e+00 -8.626251375926552445e-01
3.888288288288288097e+00 -8.659282795562488477e-01
3.891891891891891664e+00 -8.692268036725842029e-01
3.895495495495495675e+00 -8.725207324936672393e-01
3.899099099099099242e+00 -8.758100884187576263e-01
3.902702702702702808e+00 -8.790948936957077020e-01
3.906306306306306375e+00 -8.823751704222874137e-01
3.909909909909909942e+00 -8.856509405474872754e-01
3.913513513513513509e+00 -8.889222258728129988e-01
3.917117117117117076e+00 -8.921890480535699108e-01
3.920720720720720642e+00 -8.954514286001215018e-01
3.924324324324324209e+00 -8.987093888791519714e-01
3.927927927927927776e+00 -9.019629501148949124e-01
3.931531531531531343e+00 -9.052121333903691003e-01
3.935135135135134909e+00 -9.084569596485806420e-01
3.938738738738738920e+00 -9.116974496937364503e-01
3.942342342342342487e+00 -9.149336241924184154e-01
3.945945945945946054e+00 -9.181655036747687904e-01
3.949549549549549621e+00 -9.213931085356470430e-01
3.953153153153153188e+00 -9.246164590357798252e-01
3.956756756756756754e+00 -9.278355753029029485e-01
3.960360360360360321e+00 -9.310504773328852623e-01
3.963963963963963888e+00 -9.342611849908442068e-01
3.967567567567567455e+00 -9.374677180122458209e-01
3.971171171171171022e+00 -9.406700960040009774e-01
3.974774774774774588e+00 -9.438683384455395231e-01
3.978378378378378155e+00 -9.470624646898876398e-01
3.981981981981982166e+00 -9.502524939647167823e-01
3.985585585585585733e+00 -9.534384453733939502e-01
3.989189189189189300e+00 -9.566203378960196346e-01
3.992792792792792866e+00 -9.597981903904523326e-01
3.996396396396396433e+00 -9.629720215933236238e-01
4.000000000000000000e+00 -9.661418501210384813e-01
